2522 3317 1119 3637 2733 264 651 635 3514 1414
932 3549 341 1538 3711 689 1660 1050 3949 2256
62 3564 3799 1201 2679 1192 1556 2100 4086 1487
4063 2374 1511 2491 1813 317 2372 2158 235 55
1453 2807 1263 2159 1148 2833 2439 3351 509 3018
2031 1287 1538 3942 1438 3885 1921 3340 3750 2330
388 485 1517 735 3652 4050 3590 2168 2367 3355
4005 1860 1152 1733 2788 493 917 1521 3559 674
2078 44 3596 4014 743 2317 803 3085 2183 713
2721 1477 724 2063 2735 1186 831 2509 2003 410
2411 780 736 743 1905 2998 1316 4094 551 1563
1893 1379 3916 3632 902 1637 2514 143 2911 3644
513 4067 2642 3363 3554 754 1439 3926 3817 3976
3953 2147 728 128 1984 796 3674 1509 936 1453
3676 2795 886 2536 2095 3671 3671 3059 3314 183
2627 3554 1114 2035 3044 2176 414 1465 25 1325
2561 3431 759 1415 874 2676 1126 2345 2604 1412
1044 1336 2456 3305 1153 459 3621 3661 3089 3765
3841 1911 1423 2977 1926 4089 235 1132 511 3184
1906 3007 2589 65 3584 2042 3652 2021 140 549
164 672 2364 2290 1334 2505 614 1682 2583 3483
1620 2119 3370 3356 3371 1819 1463 1775 3353 3290
888 799 2486 1571 2371 3330 1718 3068 1449 2018
289 1517 420 4083 3605 3325 116 1985 409 429
1917 2027 3973 1815 984 3838 3087 1997 1279 1018
1880 3094 2306 1983 3143 254 1223 2126 1915 4041
2272 2936 2081 3273 1187 3404 2341 2488 2172 1743
3322 2507 2019 2656 311 2587 1233 3169 3065 284
648 2882 2065 3494 4087 3376 159 905 303 1499
1744 4033 2742 2973 1998 576 3669 1282 2913 298
2861 2974 3707 3534 1106 1858 2849 547 2579 1896
3949 2100 3247 3542 702 910 1023 1365 604 555
3314 3188 2371 3556 77 3383 1792 1731 1214 2054
827 2902 852 276 307 379 2800 733 3745 1604
3843 1848 471 1626 2429 1132 1091 3445 1227 2255
1824 2010 3597 746 1505 2714 770 2793 1914 3617
93 1229 2469 3876 1878 3764 344 3185 1910 3804
1811 184 2327 1435 1930 695 1669 3461 651 2786
521 160 2243 4044 1595 726 79 861 3960 2205
3473 1734 1175 212 458 2310 2800 3928 4086 3131
1725 3611 3752 3078 447 1822 1666 2456 3919 1955
2195 2838 4073 1398 3719 473 2843 3367 1699 2295
3101 1596 1592 3258 1875 223 3443 2557 2319 3179
2176 446 2695 824 3581 1203 360 2151 1266 4045
1946 2532 4067 1413 314 4019 2797 1971 3101 2385
2979 1783 1261 3438 2514 169 2869 1366 130 1067
490 3456 680 2479 2117 592 399 253 359 4020
709 1551 2101 2504 3976 383 1886 2746 79 2838
1414 2197 517 791 2664 2620 1089 2458 2839 2253
1433 180 2765 179 3797 2378 2783 3153 3723 3855
705 3349 3541 870 2018 3138 2367 279 3372 3078
4 279 284 1703 3592 3668 3358 674 2426 604
121 716 13 2888 484 3418 801 2188 4034 3064
2975 2235 3246 1892 1582 2600 2384 1614 2899 3184
889 2758 945 3018 3583 2986 2975 3404 1169 4006
737 1400 1121 2010 370 88 511 3917 2545 3069
284 1634 1888 3537 3208 2150 3431 1072 489 531
1998 1431 37 2770 1547 2486 2919 4094 2825 1096
1031 2488 1156 804 437 1679 876 497 2622 2536
1410 1824 3654 2504 1595 1562 3157 3574 1991 2234
2405 3715 3080 3999 3768 1849 1447 2260 590 891
234 3648 1999 2968 660 2253 908 3252 1964 3209
17 936 605 1762 1526 3267 2716 108 2238 2583
2580 1945 3331 705 3724 1479 2152 1937 1663 2255
218 3805 347 579 2584 1563 2810 2249 1352 2640
2911 2794 442 1235 754 1032 987 3874 2935 1608
1222 1868 1665 2254 300 3322 812 2166 1213 1288
2202 856 1896 814 2306 1255 1867 3361 3415 3581
3914 502 2680 3252 2825 682 1573 3626 319 2343
2582 284 3991 2486 1426 1735 2804 3274 1193 3483
334 3149 1164 1648 1217 1573 3901 2826 1142 1268
1986 40 3010 3021 494 2982 1844 3460 350 1133
3095 3988 1432 509 1589 3587 3241 3903 2302 3143
1561 3804 367 1159 1846 2457 2268 2319 273 3605
2538 1271 2725 3559 2784 3598 1723 900 3561 1597
1201 2223 3335 1670 2111 1110 1731 1222 3647 1998
3827 3965 2397 2226 1304 1851 1149 3851 1853 1042
4064 3466 592 1618 271 2246 3671 1119 1690 4080
2608 447 1744 3319 2622 3059 1360 1671 2277 2197
1515 2931 739 2477 798 555 1991 2219 3835 2547
2311 2439 681 726 257 2711 66 1239 1294 1874
2355 3286 2249 1484 718 3027 2185 2746 2746 1052
3370 829 3620 2472 3626 1562 2293 3554 3724 3980
839 2755 2888 1717 2942 2717 105 2638 2748 149
2560 2907 3791 2718 2514 757 2075 1339 3269 1235
1610 3793 2907 207 1753 948 2842 1301 1138 2180
3238 4017 3135 4020 3004 2066 1423 2983 43 1517
2553 3764 3856 1337 1990 570 516 1754 1696 1568
3309 2051 1045 3139 1554 3609 3462 1064 2819 1058
411 2133 1333 164 479 735 448 2978 1834 1865
3618 2090 3257 935 3779 2345 2028 3281 3029 2805
65 3666 3019 1702 2101 1302 1076 1125 3781 2266
951 1153 3826 787 354 3164 2301 3191 1428 3881
3213 1625 362 2939 315 2581 1060 386 1200 1791
3946 13 1415 751 771 2284 276 485 2952 1717
2700 3963 386 1354 871 311 2060 3176 643 2090
3905 1656 1207 887 2088 3095 402 880 272 2328
2969 2715 677 3075 3640 3271 1055 1531 2531 2902
4029 1761 2120 2683 1425 304 1578 2326 3930 1623
3989 2821 2752 1262 1610 577 2701 3555 3740 2637